0	,doc_id,doc_text	0.08177394900072149	0.2663444833515345	0.063659243956721	0.04725767560491019	0.10226957312760525	0.2659752950749647	0.02352233202504072	0.056294132677499754	0.060208059822910984	0.032695255358091584
1	0,A0001,"['he',	0.1075744356667224	0.03427733231459192	0.12939466606737274	0.028252472942799745	0.0017565536328089718	0.05132093439112064	0.08778679281091029	0.13787862199960252	0.417933251557884	0.003824938616186766
2	1,A0002,"['shepherds',	0.0050332977081769415	0.428742510165643	0.003918312991204737	0.2588493125660293	0.006294831230846732	0.002152222125591896	0.0014478315077038769	0.17409200598123759	0.11745723831687192	0.002012437406694035
3	2,A0003,"['washington',	0.007324529198432226	0.27215556342716757	0.2953841173326711	0.0869992141102397	0.15400139660627327	0.10658984914250247	0.0021069058035965474	0.04642545213183923	0.026084443596687414	0.0029285286505905026
4	3,A0004,"['head',	0.033573644076466916	0.7476774651190362	0.006833085722419019	0.05466487383373603	0.010977459305850703	0.028549380707827997	0.0025248510841187244	0.006042525960818824	0.10564725556765801	0.003509458622067603
5	4,A0005,"['dear',	0.6551805254540514	0.002030582712301196	0.070033876943625	0.0027157024061433433	0.09880291005446835	0.0020093669948930333	0.0013517307582488981	0.0032349900753086192	0.016735036118493075	0.14790527848246707
6	5,A0006,"['staunton',	0.4440963744511719	0.003701082534822384	0.0066677511405332755	0.10173455549411568	0.1800851167386374	0.0520547761452582	0.07505230362769189	0.0058963199063582555	0.00630626967273503	0.12440545028867601
7	6,A0007,"['my',	0.5609524029308466	0.0029230811219554645	0.005266128842415881	0.003909330256855434	0.40976849534989296	0.0028925404979912917	0.0019458545753726563	0.004656859512081419	0.004980634086620463	0.002704672825967804
8	7,A0008,"['craigsville',	0.4704045932579964	7.791083291586497E-4	0.03196458827010264	0.0010419798963740145	0.3282386309419627	7.709681327304809E-4	0.07692107108072871	0.05726967213669123	0.0064210169572027805	0.026188370997052436
9	8,A0009,"['dear',	0.1420844812571409	9.722402795599062E-4	0.014463784617155032	0.001300274670199535	0.6320691810252667	9.620822225159753E-4	0.007003320789431906	0.1286711872119216	0.05886162417204841	0.013611823754759979
10	9,A0010,"['staunton',	0.5858496086944054	0.004882448674459494	0.04071553802532675	0.006529789470173663	0.23756734178116326	0.004831436395713261	0.0032501783891182466	0.007778394304943421	0.1040776249303633	0.004517639334333299
11	10,A0011,"['dear',	0.3610148464109527	9.97603813482459E-4	0.3344157036878875	0.07959736123281622	0.17245750337030855	9.87180755872477E-4	6.64091027201957E-4	0.001589316414522439	0.0016998158282550053	0.04657657745870057
12	11,A0012,"['to',	0.5539301330133853	0.13256035139853956	0.00879606234430673	0.006529789470173663	0.2694868174621832	0.004831436395713261	0.0032501783891182466	0.007778394304943421	0.00831919788730323	0.004517639334333299
13	12,A0013,"['boliver',	0.009235500173675191	0.708421248392193	0.0071896363793454675	0.10969732460029027	0.037640281373537456	0.10830914196001863	0.0026565979038213304	0.00635782518116321	0.006799861737706157	0.0036925822982493525
14	13,A0014,"['bolivar',	0.016596591388023333	0.38225066085466175	0.012920086077913034	0.009591273768074142	0.020756320776577148	0.4290606167430145	0.004774020796153208	0.011425285546420071	0.10598941469848008	0.006635729350682805
15	14,A0018,"['head',	0.009000672468321615	0.410715477901274	0.08328673746009482	0.005201544806528009	0.011256579172769548	0.0038486589815772956	0.002589049554725991	0.006196167071666623	0.4643064202324535	0.0035986923505886117
16	15,A0019,"['head',	0.01397561160446076	0.598249433317539	0.010879710218775162	0.00807659318957432	0.01747842498070868	0.0454566211583686	0.0040200941795074325	0.28598583067644145	0.010289884123557715	0.005587796551066905
17	16,A0020,"['head',	0.012495606012778427	0.6054947611636438	0.009727557997076959	0.007221288719142548	0.015627474379234296	0.0053430814731444945	0.003594369564860761	0.008602119762650892	0.3268976873623125	0.004996053565155458
18	17,A0100,"['camp',	0.13791562544848884	0.1540747405438609	0.0024752831414175144	0.010819934432393203	0.19260695641436218	0.0013596053087186945	0.036844221792880855	0.4602912430188449	0.0023410896233456487	0.0012713002756873039
19	18,A0101,"['camp',	0.057988232411753875	0.05581096531773814	0.0029846622479321235	0.013046527601271198	0.5246758278082231	0.0016393933159084678	0.022764549064901378	0.3167340723504147	0.002822853555987117	0.0015329163258699632
20	19,A0102,"['dear',	0.010311621756390053	0.004455771047670554	0.008027373668522167	0.06421921027074011	0.8867969969136621	0.004409216736531108	0.002966145008703204	0.007098639730231117	0.007592182439110102	0.004122842428439539
21	20,A0111,"['dear',	0.20934054956315332	0.12021026439800758	0.1084271428014669	0.0012839527700632602	0.03416022049962545	0.5218852134417846	6.390827093231126E-4	0.0015294659896915145	0.0016358042201662778	8.883036067179232E-4
22	21,A0112,"['camp',	0.03555631691512657	0.5952894593319052	0.0029213801723092536	0.0021686973944501507	0.015294455224563715	0.18182524146512652	0.0010794610509535256	0.023785812950764564	0.14057876071141634	0.0015004147833840608
23	22,A0139,"['camp',	0.057248286375454274	7.712515963991791E-4	0.05181077359818677	0.0010314722977767922	0.022400717174462643	7.631934878470503E-4	5.134114945851555E-4	0.18778755977592215	0.6769597093809859	7.136248183798881E-4
24	23,A0203,"['staunton',	0.08421028325320536	0.0017515569766083348	0.0947633201627538	0.3458716763781102	0.1768340099462159	0.001733256546089105	0.012616958632600874	0.27761377924002095	0.0029844756332035416	0.001620683231191921
25	24,A0205,"['1868',	0.1235663482613122	0.16508547629206827	0.2602324821939224	0.23551453905692424	0.03329672113046436	0.0034933612732391656	0.0023500355558314966	0.05178279115237904	0.006015180857954311	0.1186630642259045
26	25,A0206,"['my',	0.0020782503751481	0.2298669003199777	0.0838118240815822	0.06578199558855095	0.008470134525925183	0.5175363470500521	5.978101333343669E-4	0.0014306916051543327	0.089595110214781	8.309361054939054E-4
27	26,A0207,"['staunton',	0.004894119531738432	0.19567522898161532	0.003809965802453067	0.12726004293220738	0.006120769774026061	0.4445165347010691	0.0014077968106294158	0.017194913036814023	0.0036034145977808262	0.19551721383166631
28	27,A0208,"['staunton',	0.21876697105025883	0.0032318866415296087	0.0058224629246663015	0.25786754720927973	0.009353877942090501	0.1933570348026806	0.002151422128270983	0.005148828041593208	0.02663557576316584	0.27766439349646443
29	28,A0209,"['staunton',	0.0032084628172983185	0.09202455000224233	0.011561532256724046	0.6997678386826481	0.013076437761744204	0.09201006462062102	9.229165107071292E-4	0.020336370148289117	0.065809004095297	0.0012828231044288312
30	29,A0210,"['staunton',	0.007324529198432226	0.2514639826864733	0.3367672788140597	0.33529818299857134	0.029851912162107436	0.0031319454390309515	0.0021069058035965474	0.02573387139114493	0.005392862855993109	0.0029285286505905026
31	30,A0211,"['staunton',	0.14540891198170544	0.0023778050690060827	0.4240022412250137	0.20526674570299802	0.006881954985599458	0.1111688596568433	0.048218256774182885	0.05042354667605679	0.00405153893577472	0.002200138992819658
32	31,A0212,"['staunton',	0.2838275664244404	0.1696312434981316	0.01427949198692196	0.4052954517228863	0.004955937772351749	0.06886201132445098	0.001139881689261024	0.025117175485687405	0.002917655650171436	0.023973584445697225
33	32,A0300,"['hd',	0.0026954169279270962	0.3133581539978644	0.04017069345780265	0.001557698268905155	0.026214411624150644	0.023995973662503993	7.753385118292014E-4	0.00947003018072994	0.5806845887499883	0.0010776946182985683
34	33,A0301,"['hd',	0.009960637947551351	0.19105989056516545	0.07309971446962077	8.65618870506963E-4	0.0018732718282223088	0.07257414545223055	4.308585688689673E-4	0.0010311396597636167	0.6485058436273751	5.988790106948755E-4
35	34,A0302,"['camp',	0.39909565908779165	0.02624658481851747	0.0014036164828720487	0.011228970492117544	0.4199215463036544	7.709681327304809E-4	5.18641612652241E-4	0.11839161571115239	0.021701502850818073	7.208945076936132E-4
36	35,A0303,"['camp',	0.4559433916291052	7.238076650789984E-4	0.1669226554952815	9.680207586385024E-4	0.2197651260385664	7.162452551426038E-4	4.8182872729908E-4	0.010617046322993533	0.13846019036882182	0.00540168773907233
37	36,A0304,"['camp',	0.3287628914286767	9.251951151929801E-4	0.15288059295094167	0.0012373564421979367	0.3413966354352474	9.155285904104946E-4	6.158895606723163E-4	0.07405657944990415	0.09835326512150806	8.560659052481578E-4
38	37,A0305,"['camp',	0.18447569870413388	7.170218251461433E-4	0.015354559936270513	0.00564654420607686	0.25989317404225265	7.095303142977397E-4	4.773114877391122E-4	0.0480183000822472	0.47935681355305154	0.005351045848784239
39	38,A0306,"['well',	0.3179774012003359	0.001337907714822157	0.0024103314658617354	0.019282718061990087	0.0038722352762672013	0.010070628914425908	8.906266161273965E-4	0.09834516370753917	0.5445750458124837	0.001237941230146709
40	39,A0307,"['dear',	0.0025590179013647856	0.022793233396101457	0.10320024994847946	0.03039547529695485	0.11163766472655012	0.0010942279329425706	7.361032391060666E-4	0.008990808252283922	0.7175700604056932	0.0010231589005235773
41	40,A0308,"['my',	0.24534172384370834	0.08413650236941031	0.07212725892723058	0.0013085922314913158	0.1755447616398515	0.013761781503638954	0.0070481194394764884	0.007955589457771972	0.3918703201523733	9.053504350471698E-4
42	41,A0309,"['camp',	0.1467482233803657	0.0010041528283869195	0.08058599250998691	0.014472445047159858	0.27206082182596114	9.93661346058913E-4	6.6845061562402E-4	0.05411771194024044	0.4152899259741853	0.014058614532030705
43	42,A0310,"['camp',	0.028396393636159832	9.97603813482459E-4	0.5105078257451309	0.007856126320605986	0.05506275533214634	9.87180755872477E-4	6.64091027201957E-4	0.001589316414522439	0.39301564262212896	9.230643327486037E-4
44	43,A0311,"['greenbrier',	0.20578946550862096	0.0018138686509513555	0.12185120711587959	0.026142548854669375	0.13569152347320185	0.037369937107483785	0.0012074672122741375	0.2400565350676943	0.21654076796471325	0.013536679044511401
45	44,A0312,"['greenbrier',	0.09957197377836476	8.298290963629948E-4	0.4572023156429411	0.006534901047325068	0.12717873520637576	8.211589646324059E-4	0.022252754403144646	0.0013220288317604954	0.19671708281890418	0.08756922021018855
46	45,A0313,"['shenadoah',	0.002802099496446332	0.0012108196076160962	0.0021813736234470994	0.0016193507912229434	0.2251481861377783	0.0011981688515194224	8.060258251931615E-4	0.009844846830862028	0.7540687798776629	0.001120348958251782
47	46,A0314,"['camp',	0.1615703578773651	0.015477134332465744	0.31034894278897873	7.623880574121014E-4	0.12090652910984928	5.640961971381897E-4	0.004106246360447393	0.012088481023574077	0.3214735779305833	0.0527022463221862
48	47,A0315,"['62nd',	0.0025406511512672536	0.22359306556419792	0.32495477519820404	0.0014682581604414156	0.017531964165022052	0.19487253443009997	7.3082003095366E-4	0.2242442344607718	0.009047881421276148	0.0010158154177656177
49	48,A0316,"['camp',	0.1637844747626971	0.0385960523362639	0.006882741083544333	0.001103825527868578	0.6822613861977044	8.167281432612275E-4	5.494250453897218E-4	0.060668853878206266	0.001406315324765198	0.04393019770029929
50	49,A0317,"['camp',	0.12705398760474515	0.0010041528283869195	0.0018090494075047462	0.007907699788619675	0.6396865563042113	9.93661346058913E-4	6.6845061562402E-4	0.08037669297440117	0.13957062511549773	9.291240149503425E-4
51	50,A0318,"['near',	0.23502616983163932	0.002341407587647888	0.00421820452964897	0.018438576043906203	0.26699860850066065	0.002316944342976328	0.09340170026706322	0.049651704558265786	0.3254402232607824	0.002166461077409181
52	51,A0319,"['i',	0.0016439320141010128	7.103620406005275E-4	0.08951690261408292	0.005594098427551077	0.0020559631445881566	0.03785541894608815	4.728781615027149E-4	0.07543665948859601	0.7767683806142288	0.009945404548660485
53	52,A0320,"['camp',	0.20385926865056356	0.03450345770923031	0.02958338384984902	0.040400480847598376	0.08659680928226464	0.006456405510568452	0.011786227947764244	0.1695950515536057	0.41642525512162876	7.936595269268477E-4
54	53,A0321,"['camp',	0.09773561099597891	0.05470044304359157	0.25862589841900463	0.0012225669238323494	0.05643204368455652	9.045857234722947E-4	6.085281329881827E-4	0.2883166425953108	0.06729641519188112	0.1741572652893835
55	54,A0322,"['camp',	0.034990561163096845	0.041720009043530404	0.4162497854695565	0.049394487052996094	0.11013667158037937	5.662063181667424E-4	0.03778800849633605	0.18794713244377848	0.09823343875730522	0.022973699674854388
56	55,A0323,"['gordonsville',	0.17168258272656936	0.09510495317361825	0.12097979841366155	0.0012839527700632602	0.021607564887430788	9.500055357061175E-4	6.390827093231126E-4	0.1207796943055408	0.4535314062591741	0.013440959218912587
57	56,A0324,"['my',	0.12201088582075091	4.30478519272508E-4	0.1555617357245657	0.006204311274173445	0.0012459111264066913	4.259808395868479E-4	2.865635818432884E-4	0.08792894052305958	0.6001782279644938	0.025726964625847205
58	57,A0325,"['spotsylvania',	0.09518564313328748	7.522859736717849E-4	0.060372993159884994	0.025596815567594598	0.012013584520068402	7.444260197133187E-4	5.007863424873568E-4	0.13398831493789784	0.6553946493241939	0.015450501021200184
59	58,A0326,"['my',	0.011138971932144994	0.014919693400088365	0.469768217842148	0.01043194458197808	0.002094878101756109	7.162452551426038E-4	4.8182872729908E-4	0.11945217029139868	0.3703263240406415	6.697258274025414E-4
60	59,A0327,"['near',	0.0022937124170531223	0.013950480642167234	0.33224880012253377	0.0013255507244134017	0.054705966821524295	9.807841498639712E-4	6.597879361727557E-4	0.08581473449022615	0.5071030995160105	9.17083180034703E-4
61	60,A0328,"['camp',	0.02419018722147266	0.12719969984348126	0.0012450722425487331	9.242839921732053E-4	0.706833828766228	6.838841191065245E-4	4.6005891468494693E-4	0.0011010225327646318	0.13672249585208657	6.394665154534042E-4
62	61,A0329,"['camp',	0.026822011967744846	0.037904303418199094	0.026338945749430277	0.06286357364525547	0.5078746973148094	0.025573788323803633	6.272718186509717E-4	0.019982204805048337	0.2911413160936341	8.718868634238882E-4
63	62,A0330,"['camp',	0.036209608390122265	0.09736799761804826	0.008808812945056114	7.919003670309882E-4	0.408172428687715	5.859325591626543E-4	3.9416545832226857E-4	0.047395746647801655	0.39198346022986985	0.008289947096871015
64	63,A0331,"['camp',	0.006468224807323953	7.30723173529228E-4	0.0013164473442220674	0.05352616937654093	0.4989408551610099	7.23088509716089E-4	4.8643228539325473E-4	0.058490212353818925	0.3738645496588601	0.005453297329585548
65	64,A0332,"['port',	0.13956940481177524	0.006890392968395779	0.001646879264827299	0.007198823183231823	0.6122238758087076	9.045857234722947E-4	6.085281329881827E-4	0.03133762344113342	0.19877405289866953	8.458337667987622E-4
66	65,A0333,"['near',	0.011639297868946413	0.0013149055466993348	0.0195615333155818	0.0017585553818567834	0.7344929384710575	0.0013011672910113487	0.026664277114628213	0.00209482054967365	0.19135952580292223	0.00981297865762279
67	66,A0334,"['straight',	0.0028937246471981855	0.1320454116702595	0.0022527018140941243	0.0016723015378163832	0.5104496248986073	0.0012373474751856662	8.323818620993708E-4	0.001992073529677386	0.3454674495963746	0.0011569829686874165
68	67,A0335,"['ottobine',	0.07405620127895206	0.20331451410250084	0.00132914646869856	0.005809952567337283	0.3397631979656843	7.300637913577808E-4	4.911246600398413E-4	0.0011753697186164484	0.3581780152979111	0.015152414148901706
69	68,A0336,"['allegheny',	0.00893933990336015	0.019568542210311037	0.00104648770809952	7.768640272811747E-4	0.4535876519689735	5.748070673749952E-4	0.004184214395244005	0.21358727367346927	0.2971973451344985	5.374739113879382E-4
70	69,A0337,"['camp',	0.0010018598274866037	4.3291522115545725E-4	7.799261249795508E-4	0.003409205756379308	0.12012240127602755	4.283920825814478E-4	2.8818566050273524E-4	6.896918975050389E-4	0.872446853716943	4.005684364393247E-4
71	70,A0338,"['camp',	0.0019204047229077522	0.03338035211484866	0.0014949933841417538	0.0011098138775774576	0.6588372778416417	0.006246246134380016	5.524057241542036E-4	0.050147813359489	0.23469269300713744	0.011617999833721998
72	71,A0339,"['mount',	0.05737265026553071	7.103620406005275E-4	0.0012797653826525702	0.1913564925989834	0.6011396843474575	7.029401118016819E-4	0.05620159641293242	0.08936883905145344	0.001210384948498929	6.572848400888675E-4
73	72,A0340,"['camp',	0.0021155108455873342	9.141367089963044E-4	0.007623135524226773	0.1745339984464171	0.7197964884778981	0.006880841982871768	6.085281329881827E-4	0.08512392977572869	0.0015575963384869115	8.458337667987622E-4
74	73,A0341,"['camp',	0.031937381060875646	0.0011220035032336129	0.18540149861427851	0.016170978743698206	0.7000918614333225	0.0011102807060723015	0.02275251816292292	0.038463528417508976	0.0019117802963246149	0.0010381690617626545
75	74,A0342,"['camp',	0.0031796431246691095	0.07323315114956905	0.0024752831414175144	0.0018375356108052212	0.6327444986721734	0.010342004130306675	9.146265065289295E-4	0.038118498404209715	0.2269010601630452	0.010253699097275285
76	75,A0343,"['spotsylvania',	0.003686032338238029	4.164155279326169E-4	7.502008088673224E-4	0.027780478186996915	0.22716078920491642	4.120647796910064E-4	2.7720204348685474E-4	0.006108118444962681	0.7330233970890296	3.853015758785861E-4
77	76,A0345,"['spotsylvania',	0.00865927258562045	0.013303841490296387	7.114636563353014E-4	5.281576812102122E-4	0.34193867339932665	3.9078752160851454E-4	0.010590030818284605	6.291502533738467E-4	0.6228832163390772	3.6540625486690674E-4
78	77,A0346,"['fredericksburg',	0.011245397517614874	7.30723173529228E-4	0.010870792764803905	0.024863133114795422	0.3508485011419914	7.23088509716089E-4	4.8643228539325473E-4	0.14925649384934636	0.4502993130235148	6.761246192946302E-4
79	78,A0347,"['summerville',	0.06890062020366497	7.34230720490211E-4	0.0013227664279035372	9.819605585235892E-4	0.4053337502856158	7.265594094995554E-4	0.005288870845153896	0.0011697278221583778	0.514862143639453	6.793700875369999E-4
80	79,A0348,"['orange',	0.0028244574756557334	0.0012204807490736884	0.20167402263540474	0.009611281359400401	0.45035691877851924	0.0012077290524707437	0.03272849612279988	0.09769250623637526	0.02601660480350719	0.17666750278679316
81	80,A0349,"['orange',	0.001840524668778211	7.953120009064823E-4	0.0014328084962251426	0.02706079246238827	0.7302217987740531	7.870025070058717E-4	0.02652656993902339	0.037663036951671815	0.1729362667348817	7.358874650659173E-4
82	81,A0350,"['orange',	0.03593729581364958	0.119501774364454	0.0029526821826628587	0.08791035121663554	0.647631655144104	0.0016218275409933755	0.001091027262470102	0.0026110690641930495	0.09922582598000801	0.0015164914308294583
83	82,A0351,"['near',	0.0021282296916032175	0.04300493906104126	0.0016567806103201766	0.007242103851706806	0.2431491091112336	9.100242616622592E-4	6.121867176917091E-4	0.013489471199627765	0.6869562364178526	8.509190772604826E-4
84	83,A0352,"['friend',	0.09948876971209351	9.911396694951805E-4	0.001785605319396482	0.027244232669757507	0.6637949925371108	9.807841498639712E-4	6.597879361727557E-4	0.09877407546289821	0.09240418839050482	0.013876424152706755
85	84,A0353,"['near',	0.006437471892276904	0.08155306616634445	0.006064648182716995	9.72623174454428E-4	0.6819925944515214	7.196506144398428E-4	0.005238579397147429	0.020176444312331992	0.19617201179681745	6.729100119490656E-4
86	85,A0547,"['my',	0.6094655392678475	0.0010672062637239132	0.0019226444466391424	0.0014272822282436466	0.0030887584365221848	0.31501939680402363	7.104244133136901E-4	0.0017002024347688616	0.057634116384885865	0.007964429320031413
87	86,A0548,"['talladega',	0.17162582197449563	0.002535461357434445	0.33608423321093595	0.2520282481191576	0.1067931795091504	0.002508970620892281	0.03483946423805435	0.0040393293402629545	0.05404763342723824	0.03549765820237818
88	87,A0566,"['camp',	0.44709297041976775	7.486042320705055E-4	0.06007752339401178	0.010789327385668722	0.22729395024577834	0.005634854587824061	4.983354581494645E-4	0.030557057805345806	0.16767398841445552	0.04963338805692799
89	88,A0567,"['camp',	0.1688920969572152	7.30723173529228E-4	0.0013164473442220674	9.772695633408282E-4	0.7234679725446831	7.23088509716089E-4	4.8643228539325473E-4	0.10148476674643718	0.0012450782561684247	6.761246192946302E-4
90	89,A0568,"['head',	0.3128475988933643	0.24629492316262902	0.09968737513945362	0.0011158675563404982	0.007869510251023344	0.04446307236603383	5.554189202120812E-4	0.15951493920450263	0.045059091565503584	0.082592202940937
91	90,A0569,"['camp',	0.00273710008264463	0.0011827326089872234	0.017595228335757277	0.032510697913816	0.24312217804923728	0.001170375308469652	7.873286996224841E-4	0.3498344966250714	0.3499655017977954	0.0010943605785985729
92	91,A0570,"['lewisburg',	0.0045776709840680664	0.2218184373250521	0.02942719074153266	0.0026454646380009114	0.4583375394369439	0.17007062379543544	0.0013167701707507595	0.04194668156734255	0.06802935481224956	0.0018302665286240643
93	92,A0571,"['richmond',	0.04795105160079449	3.4347973622983106E-4	0.10391325849535274	0.004950433307432535	0.08407878666796206	0.7458564028746683	2.286496981799443E-4	0.0072838041847156365	0.005076317996059834	3.178154386047063E-4
94	93,A0572,"['richmond',	0.012176072757548945	7.911982224356308E-4	0.09970354576707276	0.1976144459695128	0.14712087873067958	0.49217367431817577	5.266896869845206E-4	0.04264075774021841	0.006520655745336517	7.320810620350223E-4
95	94,A0573,"['richmond',	0.03254560857686379	0.0021148056657378216	0.003809965802453067	0.002828342229143283	0.4761960835411571	0.4030393011333811	0.015233541333192095	0.0033691685142513473	0.0036034145977808262	0.05725976860603955
96	95,A0574,"['my',	0.3456474872379792	7.30723173529228E-4	0.0013164473442220674	0.07741203292799552	0.2744137377773367	0.2634675875757166	4.8643228539325473E-4	0.015495657961200652	0.0203537690973321	6.761246192946302E-4
97	96,A0575,"['richmond',	0.21086738575769196	0.018205947155807777	0.08330439609775137	0.0032302930923999718	0.16489657644707523	0.16029606749968978	0.15951381765238035	0.11438214500525896	0.08306849079506042	0.0022348804968842506
98	97,A0576,"['richmond',	0.07931338017298484	0.020440380096596003	0.1355333545064784	0.011436286130779969	0.30801354655762403	0.40018825909696976	9.667277095640361E-4	0.0023135927971461023	0.04045075372526243	0.0013437192065944592
99	98,A0577,"['richmond',	0.13214147458055864	0.0011647208356353872	0.20007464702870043	0.0320155941871714	0.07190125550155001	0.4656354644773645	7.753385118292014E-4	0.09322924395596212	0.001984566302929674	0.0010776946182985683
100	99,A0578,"['richmond',	0.032459341603589924	0.011158176963303129	0.0026669263071676303	0.32134854290831816	0.22687479304726427	0.39825633485710954	9.854393829458856E-4	0.0023583739618220586	0.002522343161260417	0.0013697278072189846
101	100,A0579,"['richmond',	0.018294917755738833	0.15902005467740668	0.05604994089684243	0.0011158675563404982	0.24242071930505846	0.28992363998072174	5.554189202120812E-4	0.0013292400750370935	0.2305181870966011	7.720137360410401E-4
102	101,A0580,"['marlbourough',	0.05509451251696365	0.062022315628718815	0.054414582156390355	0.0017738035665418837	0.281306128117015	0.09669189180612085	8.829041188615797E-4	0.0021129844420100068	0.44447367043033154	0.0012272072170463387
103	102,A0581,"['harpers',	0.004894119531738432	0.0021148056657378216	0.017635710325015746	0.002828342229143283	0.3794158718832184	0.0020927099790634153	0.0014077968106294158	0.19692959183012887	0.39072426122953585	0.0019567905157888343
104	103,A0582,"['martinsburg',	0.00371331470237837	0.17993465835452527	0.00289073487847209	0.012635953165579474	0.35081418969992983	0.0015878015816074328	0.0010681374986799114	0.07598632673676796	0.3698842079578833	0.001484675424176292
105	104,A0583,"['camp',	0.15707774997443621	3.7924744648285675E-4	6.832399899322307E-4	0.08728503297748627	0.12754532687258585	3.7528503381992754E-4	0.007690559244668172	0.11713441709877828	0.5014782307233351	3.5091063847508564E-4
106	105,A0584,"['staunton',	0.0013241593094394028	0.09034925616548004	0.5920632173719897	7.652399310464641E-4	0.02410031128769926	0.045454742123043325	3.8089532560556E-4	9.115665901260377E-4	0.12441841797681655	0.12023219391875366
107	106,A0585,"['head',	0.035657482912441384	0.008207109323507464	0.3822514220845476	0.05414795776205368	0.02455966435976979	0.11112527233241866	3.881552085118659E-4	0.21058946092789008	0.16872194287028727	0.004351532218572251
108	107,A0586,"['orange',	0.020411078961404056	0.13138918273983802	0.2711860418786378	0.02778637873321158	0.012509518061428122	0.14871704213946021	8.829041188615797E-4	0.14084671866424836	0.236373069096974	0.009898065605936236
109	108,A0747,"['virginia',	0.652703612738472	0.03393261428604633	0.05666815410898771	0.0011281752243825322	0.1237680046792603	8.347446521394168E-4	5.615450161411122E-4	0.0013439011748233236	0.001437337755843665	0.1276219103639035
110	109,A0748,"['virginia',	0.5357117891638571	5.110146862816125E-4	0.034328701995427396	6.834313149139597E-4	0.19858664157114062	5.056755572178745E-4	0.22417427379418636	8.141147998765963E-4	8.707172531548508E-4	0.003813639863943701
111	110,A0749,"['virginia',	0.4338602523777159	0.007773009393160454	0.0018578342416200617	0.008120947597563509	0.14456196659421605	0.007762234985875907	0.175972690890287	0.16344554966567218	0.035466002054152325	0.02117951219973654
112	111,A0750,"['virginia',	0.421073622053502	6.418083261258559E-4	0.005352144599910508	8.583547988387906E-4	0.2200434876427946	6.351026529243636E-4	0.17665434495700683	0.01780602010507127	0.08920712739077298	0.06772798747305274
113	112,A0751,"['virginia',	0.7773664627805255	0.004882448674459494	0.04071553802532675	0.03844926515119368	0.07796996337606314	0.004831436395713261	0.0032501783891182466	0.007778394304943421	0.00831919788730323	0.036437115015353315
114	113,A0752,"['virginia',	0.5549283173839059	0.06639971648409103	0.0010667426615668053	7.919003670309882E-4	0.1488130741908232	0.012199037984396616	0.07007279800972604	0.1286874846244394	0.0010089109136597687	0.016032017380360322
115	114,A0753,"['virginia',	0.48269768520748596	0.05829210953484177	0.022346712037796153	0.0010692099763078217	0.2270578193630081	7.911158572247102E-4	5.321952835231136E-4	0.10057913117826801	0.10589428790432714	7.397336572171791E-4
116	115,A0754,"['virginia',	0.6137974248767325	0.0015556111316051195	0.0028025389327028536	0.022420388590719945	0.0045023227186906465	0.00153935796153468	0.0010355487622969145	0.3177469549446377	0.00265060376511738	0.03194924831596222
117	116,A0755,"['virginia',	0.4308481272135691	0.19927840790932383	0.0465401688072498	0.0013085922314913158	0.15635444404986593	9.682364436485621E-4	0.0070481194394764884	0.12309749499768549	0.03365105847264229	9.053504350471698E-4
118	117,A0756,"['virginia',	0.43653199287657807	8.980360286835455E-4	0.019230862358396668	0.0012010338653654267	0.1904710266549026	8.886532645678663E-4	5.978101333343669E-4	0.20691556981529013	0.001530162410437094	0.14173485259244417
119	118,A0757,"['virginia',	0.6195557134096352	7.56004108915066E-4	0.06561383286030902	0.0010110802998555056	0.13563419219951423	0.030402800782979637	0.03510040617492245	0.10993829915448432	0.0012881544087864952	6.995166005980371E-4
120	119,A0758,"['south',	0.12960648834424698	0.001024326149077995	0.0353285443828918	0.008066564614027614	0.023054543619169563	0.001013623894015456	0.014075140263631264	0.015025149220307982	0.7718578294976604	9.477900149709596E-4
121	120,A0759,"['ashland',	0.41813203956525036	0.004455771047670554	0.008027373668522167	0.005959150583760066	0.0711561612959415	0.004409216736531108	0.002966145008703204	0.007098639730231117	0.47367265993495045	0.004122842428439539
122	121,A0760,"['orangecourt',	0.28535424487100736	0.002144454343633194	0.003863379906027404	0.002867994386827707	0.2725785166360663	0.12829822922204875	0.0014275335244356567	0.15763173435021538	0.12983011327836702	0.016003799481371272
123	122,A0761,"['culpeper',	0.45559417101707866	0.029105467800652176	0.057930747299783265	0.11266225334490927	0.2256343664819169	0.001397257480559184	9.399556768203783E-4	0.0022495214133346057	0.09471744750580538	0.019768811979140138
124	123,A0763,"['head',	0.18513291325514525	0.21446618614041607	0.10232658662830642	0.01964118006666256	0.1702740330820615	0.1818290401407025	0.017965844230247194	0.0528900966931191	0.05316635738366953	0.002307762379669906
125	124,A0764,"['berkeley',	0.14790969164000853	3.571121490705661E-4	6.433617507472925E-4	4.776019792835235E-4	0.19480992464493413	3.5338100805778924E-4	0.009576344071900708	0.1616601132365434	0.4838820402617235	3.3042925773061715E-4
126	125,A0765,"['camp',	0.2169737942192592	0.0029230811219554645	0.005266128842415881	0.09945894378785194	0.25688911370029854	0.02200246320419059	0.021055777281571958	0.08109655033687863	0.21518978385481277	0.07914436365076502
127	126,A0766,"['camp',	0.38826878842969165	0.0018356362496705246	0.027308318641863828	0.002454980902691127	0.1253192619112944	0.001816457351070992	0.0012219576009412285	0.26693866445343084	0.12313421555470669	0.061701718904638624
128	127,A0802,"['dear',	0.6214228591288458	0.16032130332274566	0.004351420449452538	0.0032302930923999718	0.03857181540979713	0.0023901162030921176	0.0016078663557826944	0.16175393039423827	0.004115515146761592	0.0022348804968842506
129	128,A0803,"['staunton',	0.6161124345229445	7.34230720490211E-4	0.0013227664279035372	9.819605585235892E-4	0.2565305376198468	7.265594094995554E-4	4.887672107742505E-4	0.07317128233785307	0.0492520911046274	6.793700875369999E-4
130	129,A0804,"['camp',	0.2501794883581695	0.0012607178697859873	0.002271268726126804	0.034654339880134825	0.20145835956368702	0.0012475457719961424	0.009081306188092862	0.30696485224579734	0.19171560250009995	0.0011665188961095577
131	130,A0805,"['camp',	0.6457757811235122	0.0020859656377474806	0.044669608771345654	0.0027897715602746152	0.11513490023820334	0.0020641712743731198	0.0013885984038533017	0.12605802319362117	0.05810307442505528	0.0019301053720137463
132	131,A0806,"['camp',	0.2987774353009012	0.0012926809462097285	0.0023288523755791335	0.001728832189267992	0.1727618469213616	0.0012791748952187686	8.605197833156744E-4	0.17953094832076058	0.3402436155286248	0.0011960937387604494
133	132,A0807,"['shepherdstown',	0.593784907917593	0.002144454343633194	0.017882955499054023	0.002867994386827707	0.1323827607058001	0.002122048884809176	0.0014275335244356567	0.03145555401297578	0.21394756683652674	0.0019842238883446533
134	133,A0808,"['camp',	0.40937974929371324	0.13161294180904612	0.10186211169332768	0.0015696503305037942	0.13383613913706735	0.0011613951368538824	7.812876059754593E-4	0.07092588532555157	0.10942038065821778	0.03945045900974302
135	134,A0809,"['dear',	0.3243419433190434	0.05661355555664327	0.0011861222002785287	8.805222098875875E-4	0.019122499976041984	6.515044736919549E-4	0.009046764686328224	0.005353136784506624	0.5778905168793922	0.004913433914186182
136	135,A0810,"['camp',	0.28541331718556134	0.001792611257220089	0.0032295107289293805	0.002397439254762128	0.21613687870984977	0.0017738818877511783	0.0011933164599936769	0.24896259198592607	0.23744178253329967	0.0016586699967066551
137	136,A0811,"['camp',	0.2660123122460589	0.1328885439804526	0.02581902049628309	0.001001183700603381	0.036425148387004204	7.40782745291391E-4	4.983354581494645E-4	0.17737921308132593	0.35854279027322966	6.926696316012951E-4
138	137,A0812,"['camp',	0.5418424802246473	0.02203300382815477	0.005266128842415881	0.003909330256855434	0.18044942287550134	0.0028925404979912917	0.0019458545753726563	0.061986627630679324	0.004980634086620463	0.1746939771817615
139	138,A0813,"['headquarters',	0.299510946823557	0.03452317569528524	0.003017342641090724	0.0022399354886852027	0.31143184977372806	0.0016573437617730174	0.001114919547038634	0.1997582467020146	0.002853762233879474	0.14389247733294802
140	139,A0814,"['staunton',	0.4009624056022092	0.1780183775935033	0.011812436608870084	0.13736522390374017	0.061842270485649	0.006488248254753448	0.004364740117358128	0.053311192481471495	0.09690285612549665	0.048932248826948556
141	140,A0815,"['camp',	0.31331789576118235	0.007470810155831207	0.05362296921008469	0.02076456218342148	0.2814944338432852	0.007460454636199996	6.597879361727557E-4	0.2478064966486268	0.06648550644516071	9.17083180034703E-4
142	141,A0816,"['hdqtr',	0.5137795008491203	0.0017718463384221441	0.014775716403214243	0.013953283324725682	0.10938069655024014	0.0017533339227599175	0.001179493541448333	0.002822788397164952	0.21152411815274585	0.1290592225201584
143	142,A1000,"['camp',	0.02133609003785843	0.19172649971532293	0.002497718646443991	0.02904563152192398	0.5297138135477073	0.010435742128100521	9.229165107071292E-4	0.21067645596417026	0.002362308823336614	0.0012828231044288312
144	143,A1001,"['camp',	0.034460352391401494	0.011846041577088481	0.002831333471555423	0.25896303591092007	0.4052520302253367	0.0015551740139413718	0.0010461884535860311	0.24909049751481052	0.02322673205555364	0.011728614385806248
145	144,A1002,"['salem',	0.11225389050513727	0.0018356362496705246	0.06331026184941442	0.002454980902691127	0.5453419326660511	0.03781840055862157	0.0012219576009412285	0.17093348256662932	0.03912968140375534	0.025699775697088045
146	145,A1003,"['camp',	0.004053483187156499	0.15061418567069906	0.0031555486586979657	0.19700904768401947	0.5661670388384532	0.001733256546089105	0.02406793007060785	0.014241436165860457	0.03733738994722448	0.001620683231191921
147	146,A1004,"['salem',	0.037304229496885666	0.13593095599534422	0.07206983104100302	0.0012010338653654267	0.4429238770273552	8.886532645678663E-4	5.978101333343669E-4	0.06601165332833987	0.14830507541767696	0.09476688043012742
148	147,A1005,"['sir',	0.010079637495201629	0.43291495272189734	0.13605098513358568	0.17274452375519636	0.018184540512886833	0.12023749946376433	0.09009103865767495	0.001814115593221839	0.016829080475911223	0.0010536261906596647
149	148,A1101,"['staunton',	0.001431236133477463	0.3200312705130028	0.021330187322029365	0.057431923277367534	0.038178759601155465	0.1380807992685365	4.1169604683754905E-4	9.852795147523227E-4	0.42154660457732535	5.722437455155851E-4
150	149,A1102,"['staunton',	0.2575610716468703	0.18415557502911342	0.17187628794762175	0.20998086135400276	0.04456433255974492	0.034786001737080595	0.034574593816483194	0.0010399404516760356	0.026717287142196275	0.03474404831521064
151	150,A1103,"['brookfield',	0.5732479102991584	6.159632274257825E-4	0.1903748725406663	0.016931463849640997	0.013863505395497697	6.095275862240137E-4	4.100381803793224E-4	0.11373503197181976	0.0896417475826402	5.69939366547393E-4
152	151,A1104,"['home',	0.5836115682560876	5.39872444330347E-4	0.032737826970581745	0.11013552734357619	0.005091991951616316	5.342318067212608E-4	0.12389075842898517	0.13850933307963523	0.004449355744296996	4.995339741691071E-4
153	152,A1105,"['staunton',	0.4506618882663799	0.0024938125044669463	0.17363305993702427	0.11940542417295005	0.14587605830315464	3.273931107999924E-4	2.2024216533460966E-4	5.270881162347206E-4	0.03084521165264727	0.07600982177100764
154	153,A1106,"['staunton',	0.26224668128760187	0.0404409867364955	0.001217566418107704	0.3853003111221427	0.25380198703088985	0.022760525702765533	4.4989540825743997E-4	0.0010766990184681064	0.03208000769407026	6.253395812010012E-4
155	154,A1107,"['67',	0.3551549934501233	6.364672414821458E-4	0.021951466541392173	0.35869424720647347	0.0018420933502003493	0.0047907829023969735	0.058677204837782736	0.19241839189188667	0.0010844756972815792	0.004749876880980616
156	155,A1108,"['67',	0.3298881600801495	6.974068440934925E-4	0.060528157935087236	0.01005144031996607	0.11600256802509573	0.046283760439607906	4.642540668073197E-4	0.43425064404632174	0.0011883106061766607	6.45297636694317E-4
157	156,A1109,"['brookfield',	0.38337815797664154	6.086107496280829E-4	0.23982751637310953	0.04458131786301327	0.2404925326250364	0.03243306030652609	0.020299398974553066	0.00494844944037636	0.028888968388763932	0.00454198730235169
158	157,A1110,"['brookfield',	0.43858670674793504	0.0019528112491487214	0.054584883932441736	0.06644514337920136	0.24821903769765236	0.0019324080952351004	0.0012999593735028496	0.1563113758907859	0.028860773551801718	0.001806900082295171
159	158,A1111,"['home',	0.6021355437214594	4.316934317387028E-4	0.04028904498530796	0.10782235844654199	0.20727273879498542	0.0032494202011634373	2.873723322276913E-4	0.03737682827759271	7.355618716628645E-4	3.9943793731984077E-4
160	159,A1112,"['brookfield',	0.4044259531842046	2.79468979206283E-4	0.21061483139836537	0.19586866936980032	0.01177118348741675	0.036817653249575436	1.8603862471647028E-4	0.005926397121950919	0.02788201496804607	0.1062277896167178
161	160,A1113,"['richmond',	0.13955437684221286	0.16924765813440626	0.28102418812562063	0.08843071469327587	0.0014939759370963604	5.107949600243956E-4	3.436192892479791E-4	0.15268067980040734	0.16623637289000015	4.7761932770818295E-4
162	161,A1114,"['a',	0.7162669217590646	0.005642676074603176	0.001348661283619738	0.001001183700603381	0.08047179496979823	7.40782745291391E-4	0.06412126941107418	0.1284384946559992	0.0012755457683447425	6.926696316012951E-4
163	162,A1115,"['a',	0.9318293026045074	8.036692421956561E-4	0.0224641231068525	0.027345150766835667	0.002326017224958311	7.952724310592448E-4	5.349914719323753E-4	0.0012803526823033987	0.0013693709668140736	0.011251749502541292
164	163,A1116,"['a',	0.8289204221128881	3.8497440228395344E-4	6.935574891274705E-4	5.148649716422153E-4	0.0036310179906287217	0.010448180211608971	0.1034453597140604	0.008163736798982461	0.01575679946533598	0.028041086843441806
165	164,A1117,"['home',	0.6936519191133355	0.0026363718501207804	0.0783748237348052	4.677731789266547E-4	0.0010123003875459609	0.027785415211031728	0.03453196560805832	0.12632070781036744	0.02574865837691437	0.009470064728894194
166	165,A1118,"['a',	0.7567386798272643	9.308252598531174E-4	0.0016769448207727307	0.03167168249306439	0.06354763072156527	9.210999107945494E-4	0.11624146338097512	0.007568288498064016	0.0015860319383850549	0.019117353149261457
167	166,A1119,"['augusta',	0.3131167194283889	0.08858090188048909	0.0026669263071676303	0.2923150210643734	0.033317980754299384	0.0014648696565315678	9.854393829458856E-4	0.1862373456401387	0.07994506807844637	0.0013697278072189846
168	167,A1120,"['augusta',	0.6120981347142082	0.05750735060511647	0.001303988586838912	9.680207586385024E-4	0.04941449721845399	0.01018016907848218	0.18976030519409062	0.02954489396967269	0.0012332949303979503	0.047989344944100426
169	168,A1121,"['my',	0.5237599723895932	0.012209922590994337	0.01857648740105199	0.06354360971926044	0.0932502509376429	8.584147640129546E-4	0.131015578081861	0.1318201188184899	0.007149317231205563	0.0178163280658877
170	169,A1122,"['the',	0.010732678909659472	6.974068440934925E-4	0.6486861160921331	9.327122865234973E-4	0.006577831623784881	0.28793005332583604	0.036939166200577606	0.0011110624577996045	0.0011883106061766607	0.005204661653415602
171	170,A1123,"['dear',	0.4509213435560994	9.033395319321593E-4	0.00162742741823738	0.001208126773448411	0.008520156334115096	8.93901356320305E-4	0.13052605157430533	0.38530760503236405	0.0015391990426605875	0.018552849380517163
172	171,A1124,"['new',	0.16642328640278625	0.05097285536503022	0.6361883509422178	0.05846674830284098	0.003154791018367965	0.0010786327357082787	0.029230088682832764	0.008862669110731388	0.0018572859996753995	0.04376529143980879
173	172,A1125,"['staunton',	0.31256025432769396	0.007524357782116761	0.013555640737932681	0.3052103366616284	0.16935097756724382	0.007445742590814168	0.00500886065292574	0.11036972800611541	0.06201195277068364	0.006962148902845482
